0 2.97097e-021
571.787 1.90476e-005
874.597 3.80952e-005
1070.82 5.71429e-005
1235.81 7.61905e-005
1392.48 9.52381e-005
1536.9 0.000114286
1679.63 0.000133333
1820.88 0.000152381
1959.56 0.000171429
2094.51 0.000190476
2228.1 0.000209524
2360.23 0.000228571
2458.51 0.000247619
2488.18 0.000266667
2517.44 0.000285714
2546.28 0.000304762
2574.69 0.00032381
2602.65 0.000342857
2629.19 0.000361905
2652.95 0.000380952
2676.39 0.0004
2699.5 0.000419048
2722.26 0.000438095
2744.67 0.000457143
2766.7 0.00047619
2788.35 0.000495238
2809.6 0.000514286
2830.43 0.000533333
2850.82 0.000552381
2862.32 0.000571429
2865.4 0.000590476
2868.41 0.000609524
2871.32 0.000628571
2873.76 0.000647619
2875.99 0.000666667
2877.87 0.000685714
2879.61 0.000704762
2881.29 0.00072381
2882.91 0.000742857
2884.48 0.000761905
2885.99 0.000780952
2887.44 0.0008
2888.83 0.000819048
2889.75 0.000838095
2889.94 0.000857143
2890.13 0.00087619
2890.31 0.000895238
2890.49 0.000914286
2890.66 0.000933333
2890.83 0.000952381
2890.99 0.000971429
2891.14 0.000990476
2891.28 0.00100952
2891.42 0.00102857
2890.45 0.00104762
2886.93 0.00106667
2883.34 0.00108571
2879.7 0.00110476
2875.99 0.00112381
2872.22 0.00114286
2868.38 0.0011619
2864.48 0.00118095
2860.5 0.0012
2856.44 0.00121905
2852.31 0.0012381
2848.09 0.00125714
2843.79 0.00127619
2839.4 0.00129524
2834.91 0.00131429
2830.33 0.00133333
2825.64 0.00135238
2820.85 0.00137143
2815.94 0.00139048
2810.91 0.00140952
2805.76 0.00142857
2800.41 0.00144762
2794.13 0.00146667
2787.45 0.00148571
2780.53 0.00150476
2773.35 0.00152381
2765.88 0.00154286
2758.07 0.0015619
2749.87 0.00158095
2742.28 0.0016
2734.65 0.00161905
2726.77 0.0016381
2718.62 0.00165714
2710.16 0.00167619
2701.37 0.00169524
2694.07 0.00171429
2692.3 0.00173333
2690.46 0.00175238
2688.55 0.00177143
2686.57 0.00179048
2684.51 0.00180952
2682.37 0.00182857
2680.14 0.00184762
2677.82 0.00186667
2675.41 0.00188571
2673.95 0.00190476
